simulation 402 0.1 10
window 800 600 16 0.1 20
shape 0.0 0.0 circle 1.0
shape 0.0 0.0 box 100.0 10.0
shape 0.0 0.0 box 1.0 1.0
object 1 1 1.0 0.0 0.0 0.0 0.0 0.0 0.0
object 0 0 1.0 -100.0 20.0 0.0 100.0 0.0 0.0
object 2 0 1.0 -30.0 50.0  0.0  0.8  0.2  0.4
object 2 0 1.0 -27.0 50.0  0.8  0.7  0.7  0.0
object 2 0 1.0 -24.0 50.0  0.6  0.3  0.8  1.0
object 2 0 1.0 -21.0 50.0  0.7  0.4  0.5  0.8
object 2 0 1.0 -18.0 50.0  0.1  0.7  0.4  0.4
object 2 0 1.0 -15.0 50.0  0.8  0.8  0.4  0.5
object 2 0 1.0 -12.0 50.0  0.3  0.4  0.6  0.3
object 2 0 1.0 -9.0 50.0  0.1  0.5  0.2  0.3
object 2 0 1.0 -6.0 50.0  0.2  0.8  0.7  0.5
object 2 0 1.0 -3.0 50.0  0.6  1.0  0.3  0.5
object 2 0 1.0  0.0 50.0  0.9  0.5  0.2  0.2
object 2 0 1.0  3.0 50.0  0.8  0.7  0.3  0.2
object 2 0 1.0  6.0 50.0  0.4  0.2  0.9  0.7
object 2 0 1.0  9.0 50.0  0.9  0.2  0.4  0.2
object 2 0 1.0 12.0 50.0  0.8  0.3  0.1  0.6
object 2 0 1.0 15.0 50.0  0.3  0.0  0.5  0.8
object 2 0 1.0 18.0 50.0  0.8  0.9  0.3  0.8
object 2 0 1.0 21.0 50.0  0.7  0.7  0.2  0.6
object 2 0 1.0 24.0 50.0  0.8  0.8  0.2  0.1
object 2 0 1.0 27.0 50.0  0.3  0.7  0.2  0.1
object 2 0 1.0 -30.0 53.0  0.5  0.6  0.6  0.3
object 2 0 1.0 -27.0 53.0  0.1  0.3  0.2  0.6
object 2 0 1.0 -24.0 53.0  0.1  0.3  0.1  0.9
object 2 0 1.0 -21.0 53.0  1.0  0.8  0.1  0.5
object 2 0 1.0 -18.0 53.0  0.9  0.4  0.8  0.2
object 2 0 1.0 -15.0 53.0  0.7  0.3  0.6  0.1
object 2 0 1.0 -12.0 53.0  0.3  0.2  0.4  0.3
object 2 0 1.0 -9.0 53.0  0.3  0.8  0.9  0.1
object 2 0 1.0 -6.0 53.0  0.7  0.2  0.6  0.8
object 2 0 1.0 -3.0 53.0  0.5  1.0  0.8  0.3
object 2 0 1.0  0.0 53.0  0.9  0.2  0.4  0.4
object 2 0 1.0  3.0 53.0  0.2  0.2  1.0  0.6
object 2 0 1.0  6.0 53.0  0.0  0.7  0.7  0.2
object 2 0 1.0  9.0 53.0  0.3  0.1  1.0  0.7
object 2 0 1.0 12.0 53.0  0.1  0.3  0.7  0.3
object 2 0 1.0 15.0 53.0  0.3  0.3  0.7  0.9
object 2 0 1.0 18.0 53.0  0.8  0.7  0.1  0.7
object 2 0 1.0 21.0 53.0  0.4  0.8  0.0  0.4
object 2 0 1.0 24.0 53.0  0.7  0.2  0.7  0.5
object 2 0 1.0 27.0 53.0  0.5  0.6  0.4  0.5
object 2 0 1.0 -30.0 56.0  0.3  0.8  0.4  1.0
object 2 0 1.0 -27.0 56.0  0.2  0.1  1.0  0.7
object 2 0 1.0 -24.0 56.0  0.1  0.1  0.4  0.8
object 2 0 1.0 -21.0 56.0  0.5  0.6  0.8  0.5
object 2 0 1.0 -18.0 56.0  0.1  0.3  0.7  0.0
object 2 0 1.0 -15.0 56.0  0.9  0.5  0.5  0.9
object 2 0 1.0 -12.0 56.0  0.3  0.0  0.1  0.6
object 2 0 1.0 -9.0 56.0  1.0  0.2  0.9  0.8
object 2 0 1.0 -6.0 56.0  0.3  0.2  1.0  0.4
object 2 0 1.0 -3.0 56.0  0.1  0.5  0.6  0.1
object 2 0 1.0  0.0 56.0  0.0  0.8  0.8  0.7
object 2 0 1.0  3.0 56.0  0.3  0.7  0.1  0.0
object 2 0 1.0  6.0 56.0  0.6  0.5  1.0  0.3
object 2 0 1.0  9.0 56.0  0.3  0.6  0.7  0.3
object 2 0 1.0 12.0 56.0  0.1  0.6  0.8  0.7
object 2 0 1.0 15.0 56.0  0.1  0.1  0.4  0.1
object 2 0 1.0 18.0 56.0  0.3  0.5  0.4  0.9
object 2 0 1.0 21.0 56.0  0.7  0.3  0.3  0.4
object 2 0 1.0 24.0 56.0  0.1  0.3  0.7  0.1
object 2 0 1.0 27.0 56.0  0.1  0.9  0.5  0.8
object 2 0 1.0 -30.0 59.0  0.6  0.4  0.2  0.0
object 2 0 1.0 -27.0 59.0  0.8  0.5  0.6  0.8
object 2 0 1.0 -24.0 59.0  0.0  0.5  0.7  0.4
object 2 0 1.0 -21.0 59.0  0.3  0.5  1.0  0.3
object 2 0 1.0 -18.0 59.0  0.8  0.0  0.3  0.7
object 2 0 1.0 -15.0 59.0  0.9  0.4  0.5  0.1
object 2 0 1.0 -12.0 59.0  1.0  0.7  0.1  0.0
object 2 0 1.0 -9.0 59.0  0.3  0.1  0.3  0.2
object 2 0 1.0 -6.0 59.0  0.1  0.4  0.5  0.0
object 2 0 1.0 -3.0 59.0  0.8  0.6  0.5  0.2
object 2 0 1.0  0.0 59.0  0.6  0.5  0.4  0.9
object 2 0 1.0  3.0 59.0  0.1  0.2  0.1  0.5
object 2 0 1.0  6.0 59.0  0.2  0.3  0.3  0.5
object 2 0 1.0  9.0 59.0  0.5  0.5  0.2  0.8
object 2 0 1.0 12.0 59.0  0.9  0.5  0.4  0.1
object 2 0 1.0 15.0 59.0  0.4  0.2  0.1  0.9
object 2 0 1.0 18.0 59.0  0.7  0.2  0.6  0.1
object 2 0 1.0 21.0 59.0  0.6  0.1  0.9  0.1
object 2 0 1.0 24.0 59.0  0.7  0.9  0.3  0.2
object 2 0 1.0 27.0 59.0  0.8  0.0  0.4  0.8
object 2 0 1.0 -30.0 62.0  0.1  0.3  0.6  1.0
object 2 0 1.0 -27.0 62.0  0.2  0.3  0.4  0.4
object 2 0 1.0 -24.0 62.0  0.5  0.8  1.0  0.5
object 2 0 1.0 -21.0 62.0  0.8  1.0  0.6  0.5
object 2 0 1.0 -18.0 62.0  0.3  1.0  0.4  0.4
object 2 0 1.0 -15.0 62.0  0.5  0.1  0.4  0.5
object 2 0 1.0 -12.0 62.0  0.9  0.4  0.8  0.9
object 2 0 1.0 -9.0 62.0  0.9  0.8  0.9  0.4
object 2 0 1.0 -6.0 62.0  1.0  0.5  0.1  0.1
object 2 0 1.0 -3.0 62.0  0.1  0.5  0.5  0.8
object 2 0 1.0  0.0 62.0  0.3  1.0  1.0  0.2
object 2 0 1.0  3.0 62.0  0.0  0.1  0.1  0.0
object 2 0 1.0  6.0 62.0  0.5  0.4  0.2  0.9
object 2 0 1.0  9.0 62.0  1.0  0.8  0.3  0.5
object 2 0 1.0 12.0 62.0  0.3  0.0  0.7  0.2
object 2 0 1.0 15.0 62.0  0.1  0.2  0.8  1.0
object 2 0 1.0 18.0 62.0  0.4  0.6  0.9  0.6
object 2 0 1.0 21.0 62.0  1.0  0.6  0.4  0.2
object 2 0 1.0 24.0 62.0  0.9  0.7  0.2  0.7
object 2 0 1.0 27.0 62.0  0.7  0.4  0.9  0.4
object 2 0 1.0 -30.0 65.0  0.3  0.5  0.2  0.3
object 2 0 1.0 -27.0 65.0  0.4  0.1  0.8  0.2
object 2 0 1.0 -24.0 65.0  0.5  0.3  0.9  0.9
object 2 0 1.0 -21.0 65.0  0.8  0.8  0.8  0.1
object 2 0 1.0 -18.0 65.0  0.9  1.0  0.3  0.1
object 2 0 1.0 -15.0 65.0  0.8  0.0  0.9  1.0
object 2 0 1.0 -12.0 65.0  0.8  0.2  0.4  0.3
object 2 0 1.0 -9.0 65.0  0.3  0.1  0.6  0.0
object 2 0 1.0 -6.0 65.0  0.4  0.7  0.4  0.7
object 2 0 1.0 -3.0 65.0  0.3  0.9  0.6  0.0
object 2 0 1.0  0.0 65.0  0.5  0.2  0.9  0.8
object 2 0 1.0  3.0 65.0  0.6  0.0  0.5  0.4
object 2 0 1.0  6.0 65.0  0.3  0.1  0.9  0.5
object 2 0 1.0  9.0 65.0  0.5  0.1  0.3  0.5
object 2 0 1.0 12.0 65.0  0.8  0.2  0.1  0.9
object 2 0 1.0 15.0 65.0  0.4  0.9  0.3  0.2
object 2 0 1.0 18.0 65.0  0.9  0.7  0.6  0.2
object 2 0 1.0 21.0 65.0  0.0  0.9  0.5  0.5
object 2 0 1.0 24.0 65.0  0.1  0.9  0.1  0.9
object 2 0 1.0 27.0 65.0  0.2  0.3  0.1  0.1
object 2 0 1.0 -30.0 68.0  0.0  0.1  0.8  0.7
object 2 0 1.0 -27.0 68.0  0.1  1.0  0.2  0.3
object 2 0 1.0 -24.0 68.0  0.4  0.5  0.3  0.9
object 2 0 1.0 -21.0 68.0  0.8  0.9  0.1  0.3
object 2 0 1.0 -18.0 68.0  0.5  0.9  0.3  0.4
object 2 0 1.0 -15.0 68.0  0.3  0.9  0.8  0.4
object 2 0 1.0 -12.0 68.0  0.4  0.1  0.6  0.1
object 2 0 1.0 -9.0 68.0  0.2  0.9  0.0  0.1
object 2 0 1.0 -6.0 68.0  1.0  0.3  0.9  1.0
object 2 0 1.0 -3.0 68.0  0.8  0.9  0.4  0.3
object 2 0 1.0  0.0 68.0  0.5  0.6  0.3  0.6
object 2 0 1.0  3.0 68.0  0.1  0.5  0.7  0.2
object 2 0 1.0  6.0 68.0  0.3  0.8  1.0  0.3
object 2 0 1.0  9.0 68.0  0.5  0.5  0.8  0.4
object 2 0 1.0 12.0 68.0  0.0  0.0  0.4  1.0
object 2 0 1.0 15.0 68.0  0.4  0.0  0.9  0.8
object 2 0 1.0 18.0 68.0  0.6  0.6  0.0  0.4
object 2 0 1.0 21.0 68.0  0.4  0.8  0.0  0.4
object 2 0 1.0 24.0 68.0  0.5  0.4  0.7  0.9
object 2 0 1.0 27.0 68.0  0.9  0.9  0.8  0.6
object 2 0 1.0 -30.0 71.0  0.2  0.5  0.6  1.0
object 2 0 1.0 -27.0 71.0  0.3  0.0  0.5  0.7
object 2 0 1.0 -24.0 71.0  0.4  0.1  0.0  0.7
object 2 0 1.0 -21.0 71.0  0.3  0.8  0.7  0.4
object 2 0 1.0 -18.0 71.0  1.0  0.3  0.6  0.9
object 2 0 1.0 -15.0 71.0  0.2  0.8  0.4  0.6
object 2 0 1.0 -12.0 71.0  0.6  0.0  0.1  0.2
object 2 0 1.0 -9.0 71.0  0.1  0.9  0.5  0.6
object 2 0 1.0 -6.0 71.0  0.4  0.5  0.2  0.9
object 2 0 1.0 -3.0 71.0  0.2  0.1  0.8  0.3
object 2 0 1.0  0.0 71.0  0.2  0.4  0.1  0.0
object 2 0 1.0  3.0 71.0  0.8  0.1  0.6  0.7
object 2 0 1.0  6.0 71.0  0.6  1.0  1.0  0.5
object 2 0 1.0  9.0 71.0  0.2  0.7  0.3  0.1
object 2 0 1.0 12.0 71.0  0.1  0.1  1.0  0.7
object 2 0 1.0 15.0 71.0  0.3  0.8  0.1  0.4
object 2 0 1.0 18.0 71.0  0.6  0.6  0.3  0.3
object 2 0 1.0 21.0 71.0  0.1  0.8  0.9  0.6
object 2 0 1.0 24.0 71.0  0.7  0.0  0.7  0.6
object 2 0 1.0 27.0 71.0  0.7  0.0  0.1  0.4
object 2 0 1.0 -30.0 74.0  0.5  0.7  0.2  0.6
object 2 0 1.0 -27.0 74.0  0.7  0.1  0.6  0.5
object 2 0 1.0 -24.0 74.0  0.3  0.7  0.4  0.2
object 2 0 1.0 -21.0 74.0  0.5  0.2  0.4  0.1
object 2 0 1.0 -18.0 74.0  0.3  0.1  0.5  0.0
object 2 0 1.0 -15.0 74.0  0.4  0.6  0.6  0.0
object 2 0 1.0 -12.0 74.0  0.8  0.9  0.1  0.4
object 2 0 1.0 -9.0 74.0  0.7  0.3  1.0  0.2
object 2 0 1.0 -6.0 74.0  0.3  0.0  0.2  0.6
object 2 0 1.0 -3.0 74.0  0.7  0.9  0.5  0.1
object 2 0 1.0  0.0 74.0  0.6  0.3  0.3  0.2
object 2 0 1.0  3.0 74.0  0.3  0.9  0.2  0.3
object 2 0 1.0  6.0 74.0  0.2  0.6  0.0  0.6
object 2 0 1.0  9.0 74.0  0.9  0.5  0.7  0.3
object 2 0 1.0 12.0 74.0  0.9  0.1  0.9  0.3
object 2 0 1.0 15.0 74.0  0.7  0.7  0.4  0.4
object 2 0 1.0 18.0 74.0  0.2  0.7  0.4  0.9
object 2 0 1.0 21.0 74.0  0.6  0.6  0.7  0.8
object 2 0 1.0 24.0 74.0  0.3  0.7  0.4  0.9
object 2 0 1.0 27.0 74.0  0.6  0.7  0.7  0.6
object 2 0 1.0 -30.0 77.0  0.8  0.2  0.9  0.2
object 2 0 1.0 -27.0 77.0  0.4  0.5  0.2  0.0
object 2 0 1.0 -24.0 77.0  0.8  0.2  0.8  0.8
object 2 0 1.0 -21.0 77.0  0.6  0.8  0.6  1.0
object 2 0 1.0 -18.0 77.0  0.7  0.0  0.5  0.6
object 2 0 1.0 -15.0 77.0  0.6  0.6  0.7  0.4
object 2 0 1.0 -12.0 77.0  1.0  0.1  0.2  0.9
object 2 0 1.0 -9.0 77.0  0.4  0.2  0.5  0.8
object 2 0 1.0 -6.0 77.0  0.0  0.4  0.9  0.6
object 2 0 1.0 -3.0 77.0  0.7  0.6  0.8  0.3
object 2 0 1.0  0.0 77.0  0.9  0.1  0.2  1.0
object 2 0 1.0  3.0 77.0  0.2  0.1  0.3  0.4
object 2 0 1.0  6.0 77.0  0.1  0.8  0.5  0.3
object 2 0 1.0  9.0 77.0  1.0  0.4  0.9  0.8
object 2 0 1.0 12.0 77.0  0.8  0.3  0.9  0.8
object 2 0 1.0 15.0 77.0  0.6  0.8  0.3  0.8
object 2 0 1.0 18.0 77.0  0.2  0.1  0.6  0.3
object 2 0 1.0 21.0 77.0  0.4  0.6  0.0  0.2
object 2 0 1.0 24.0 77.0  0.4  0.2  0.2  0.6
object 2 0 1.0 27.0 77.0  0.6  0.2  0.4  0.2
object 2 0 1.0 -30.0 80.0  0.1  0.9  0.4  0.3
object 2 0 1.0 -27.0 80.0  0.0  0.3  0.4  0.4
object 2 0 1.0 -24.0 80.0  0.6  0.2  0.6  0.7
object 2 0 1.0 -21.0 80.0  0.1  0.9  0.2  0.7
object 2 0 1.0 -18.0 80.0  0.5  0.5  0.4  0.5
object 2 0 1.0 -15.0 80.0  0.6  0.3  1.0  0.9
object 2 0 1.0 -12.0 80.0  0.5  0.3  0.8  0.1
object 2 0 1.0 -9.0 80.0  0.6  0.3  0.1  0.9
object 2 0 1.0 -6.0 80.0  1.0  0.0  0.1  0.6
object 2 0 1.0 -3.0 80.0  0.2  0.4  1.0  0.3
object 2 0 1.0  0.0 80.0  0.6  0.4  0.2  0.3
object 2 0 1.0  3.0 80.0  0.9  0.8  0.4  0.7
object 2 0 1.0  6.0 80.0  0.3  0.5  0.4  1.0
object 2 0 1.0  9.0 80.0  0.9  0.3  0.8  0.9
object 2 0 1.0 12.0 80.0  0.4  0.5  0.6  0.5
object 2 0 1.0 15.0 80.0  0.3  0.8  0.8  0.5
object 2 0 1.0 18.0 80.0  0.4  1.0  1.0  0.8
object 2 0 1.0 21.0 80.0  0.7  0.8  0.5  0.1
object 2 0 1.0 24.0 80.0  0.5  0.8  0.1  1.0
object 2 0 1.0 27.0 80.0  0.9  0.7  0.7  0.2
object 2 0 1.0 -30.0 83.0  0.7  1.0  0.7  0.1
object 2 0 1.0 -27.0 83.0  0.4  0.2  0.3  0.7
object 2 0 1.0 -24.0 83.0  0.7  0.5  0.3  0.7
object 2 0 1.0 -21.0 83.0  0.7  0.7  0.3  0.9
object 2 0 1.0 -18.0 83.0  0.9  0.1  0.4  0.1
object 2 0 1.0 -15.0 83.0  0.1  0.7  0.2  0.5
object 2 0 1.0 -12.0 83.0  0.7  0.6  0.9  0.9
object 2 0 1.0 -9.0 83.0  0.3  0.8  0.9  0.9
object 2 0 1.0 -6.0 83.0  0.3  0.6  0.8  0.1
object 2 0 1.0 -3.0 83.0  1.0  0.4  0.1  0.0
object 2 0 1.0  0.0 83.0  0.3  0.1  1.0  1.0
object 2 0 1.0  3.0 83.0  0.9  0.2  0.7  0.2
object 2 0 1.0  6.0 83.0  0.1  0.1  0.5  0.6
object 2 0 1.0  9.0 83.0  0.7  0.9  0.6  0.2
object 2 0 1.0 12.0 83.0  0.1  0.4  0.8  0.7
object 2 0 1.0 15.0 83.0  0.2  0.1  0.2  0.4
object 2 0 1.0 18.0 83.0  0.2  0.2  0.3  0.7
object 2 0 1.0 21.0 83.0  0.5  0.4  0.4  0.8
object 2 0 1.0 24.0 83.0  0.9  0.9  0.8  0.4
object 2 0 1.0 27.0 83.0  0.9  0.2  0.2  0.7
object 2 0 1.0 -30.0 86.0  0.4  0.1  0.2  0.8
object 2 0 1.0 -27.0 86.0  0.1  0.2  0.4  0.2
object 2 0 1.0 -24.0 86.0  0.0  0.5  0.5  0.8
object 2 0 1.0 -21.0 86.0  0.6  0.5  0.1  0.5
object 2 0 1.0 -18.0 86.0  1.0  0.1  0.5  0.2
object 2 0 1.0 -15.0 86.0  0.1  0.4  0.5  0.0
object 2 0 1.0 -12.0 86.0  0.7  0.7  0.7  0.6
object 2 0 1.0 -9.0 86.0  0.8  0.7  0.5  0.9
object 2 0 1.0 -6.0 86.0  0.9  0.6  0.1  0.9
object 2 0 1.0 -3.0 86.0  0.8  0.4  0.6  0.6
object 2 0 1.0  0.0 86.0  0.4  0.4  0.0  0.3
object 2 0 1.0  3.0 86.0  0.6  0.9  0.2  0.4
object 2 0 1.0  6.0 86.0  0.9  0.1  0.4  0.8
object 2 0 1.0  9.0 86.0  0.7  0.6  0.3  0.9
object 2 0 1.0 12.0 86.0  0.4  0.5  0.1  0.1
object 2 0 1.0 15.0 86.0  0.9  0.3  0.4  0.4
object 2 0 1.0 18.0 86.0  0.8  0.6  0.7  0.9
object 2 0 1.0 21.0 86.0  0.2  0.1  0.6  0.7
object 2 0 1.0 24.0 86.0  0.6  0.8  0.7  0.8
object 2 0 1.0 27.0 86.0  0.5  0.9  0.7  0.1
object 2 0 1.0 -30.0 89.0  0.6  0.3  0.9  0.2
object 2 0 1.0 -27.0 89.0  0.3  0.1  0.7  0.7
object 2 0 1.0 -24.0 89.0  0.1  0.1  0.6  0.9
object 2 0 1.0 -21.0 89.0  0.4  0.8  0.2  0.9
object 2 0 1.0 -18.0 89.0  0.3  0.3  0.2  0.3
object 2 0 1.0 -15.0 89.0  0.0  0.8  0.0  0.9
object 2 0 1.0 -12.0 89.0  0.7  0.2  0.9  0.6
object 2 0 1.0 -9.0 89.0  0.4  0.3  0.8  0.1
object 2 0 1.0 -6.0 89.0  0.3  0.3  0.6  0.9
object 2 0 1.0 -3.0 89.0  0.1  0.9  0.8  0.0
object 2 0 1.0  0.0 89.0  0.7  0.4  0.2  0.6
object 2 0 1.0  3.0 89.0  0.3  0.9  0.2  0.4
object 2 0 1.0  6.0 89.0  0.7  0.6  0.6  0.3
object 2 0 1.0  9.0 89.0  0.8  0.1  0.7  0.7
object 2 0 1.0 12.0 89.0  0.2  0.2  0.7  0.9
object 2 0 1.0 15.0 89.0  0.6  0.6  0.1  0.7
object 2 0 1.0 18.0 89.0  0.8  0.9  0.8  0.7
object 2 0 1.0 21.0 89.0  0.2  0.9  0.3  0.5
object 2 0 1.0 24.0 89.0  0.3  0.9  0.1  0.5
object 2 0 1.0 27.0 89.0  0.0  0.9  0.2  0.9
object 2 0 1.0 -30.0 92.0  0.1  0.6  0.7  0.9
object 2 0 1.0 -27.0 92.0  0.1  0.2  0.9  1.0
object 2 0 1.0 -24.0 92.0  0.1  0.1  0.0  0.2
object 2 0 1.0 -21.0 92.0  0.4  0.2  0.4  0.8
object 2 0 1.0 -18.0 92.0  0.5  0.6  0.9  0.5
object 2 0 1.0 -15.0 92.0  0.7  0.9  0.9  0.9
object 2 0 1.0 -12.0 92.0  0.8  0.4  0.9  0.7
object 2 0 1.0 -9.0 92.0  0.8  0.4  0.2  0.6
object 2 0 1.0 -6.0 92.0  0.1  0.9  0.1  0.5
object 2 0 1.0 -3.0 92.0  0.8  0.5  0.9  0.5
object 2 0 1.0  0.0 92.0  0.9  0.3  0.4  0.9
object 2 0 1.0  3.0 92.0  0.9  0.5  0.0  0.0
object 2 0 1.0  6.0 92.0  0.1  0.1  0.6  0.7
object 2 0 1.0  9.0 92.0  0.8  0.7  0.8  0.3
object 2 0 1.0 12.0 92.0  0.5  0.2  0.2  0.8
object 2 0 1.0 15.0 92.0  0.9  0.6  0.4  0.0
object 2 0 1.0 18.0 92.0  0.8  0.4  0.1  0.3
object 2 0 1.0 21.0 92.0  0.3  0.1  0.6  0.4
object 2 0 1.0 24.0 92.0  0.9  0.7  0.3  0.9
object 2 0 1.0 27.0 92.0  0.7  0.9  0.3  0.4
object 2 0 1.0 -30.0 95.0  0.9  0.6  0.9  0.1
object 2 0 1.0 -27.0 95.0  0.7  0.8  0.3  0.8
object 2 0 1.0 -24.0 95.0  0.4  0.8  0.2  0.1
object 2 0 1.0 -21.0 95.0  0.7  0.8  0.5  0.6
object 2 0 1.0 -18.0 95.0  0.8  0.4  0.9  0.2
object 2 0 1.0 -15.0 95.0  0.5  0.0  0.0  0.9
object 2 0 1.0 -12.0 95.0  0.6  0.8  1.0  0.9
object 2 0 1.0 -9.0 95.0  0.9  0.4  0.9  0.0
object 2 0 1.0 -6.0 95.0  1.0  0.6  0.1  0.5
object 2 0 1.0 -3.0 95.0  0.6  0.8  0.1  0.5
object 2 0 1.0  0.0 95.0  0.7  0.5  0.2  0.5
object 2 0 1.0  3.0 95.0  0.6  0.1  0.4  0.0
object 2 0 1.0  6.0 95.0  0.2  0.8  0.3  0.6
object 2 0 1.0  9.0 95.0  0.2  0.4  0.3  0.3
object 2 0 1.0 12.0 95.0  0.2  0.3  0.4  0.1
object 2 0 1.0 15.0 95.0  0.0  0.2  0.9  0.2
object 2 0 1.0 18.0 95.0  0.7  0.2  0.7  0.2
object 2 0 1.0 21.0 95.0  0.9  0.1  0.0  0.1
object 2 0 1.0 24.0 95.0  0.4  0.5  0.9  0.8
object 2 0 1.0 27.0 95.0  0.0  0.5  1.0  0.2
object 2 0 1.0 -30.0 98.0  0.8  0.8  0.2  0.8
object 2 0 1.0 -27.0 98.0  0.0  1.0  0.2  0.1
object 2 0 1.0 -24.0 98.0  0.4  0.2  0.2  0.6
object 2 0 1.0 -21.0 98.0  0.4  0.2  0.5  0.3
object 2 0 1.0 -18.0 98.0  0.9  0.6  0.6  0.2
object 2 0 1.0 -15.0 98.0  0.7  0.2  0.4  0.0
object 2 0 1.0 -12.0 98.0  0.0  0.8  1.0  0.0
object 2 0 1.0 -9.0 98.0  0.3  0.1  0.9  0.1
object 2 0 1.0 -6.0 98.0  0.7  0.9  0.9  0.5
object 2 0 1.0 -3.0 98.0  0.9  0.6  0.4  0.1
object 2 0 1.0  0.0 98.0  0.4  0.3  0.2  0.8
object 2 0 1.0  3.0 98.0  0.7  0.4  0.2  1.0
object 2 0 1.0  6.0 98.0  0.2  0.8  0.9  0.2
object 2 0 1.0  9.0 98.0  0.5  0.1  0.7  0.1
object 2 0 1.0 12.0 98.0  0.5  0.6  1.0  0.3
object 2 0 1.0 15.0 98.0  0.0  0.5  0.7  0.9
object 2 0 1.0 18.0 98.0  0.8  0.2  0.8  0.2
object 2 0 1.0 21.0 98.0  0.7  0.1  0.2  0.9
object 2 0 1.0 24.0 98.0  1.0  0.5  0.5  0.2
object 2 0 1.0 27.0 98.0  0.1  0.5  0.0  1.0
object 2 0 1.0 -30.0 101.0  0.5  0.9  0.0  0.3
object 2 0 1.0 -27.0 101.0  0.6  0.1  0.8  0.2
object 2 0 1.0 -24.0 101.0  0.4  0.6  0.1  0.1
object 2 0 1.0 -21.0 101.0  0.6  0.7  0.4  1.0
object 2 0 1.0 -18.0 101.0  0.3  0.0  0.8  0.0
object 2 0 1.0 -15.0 101.0  0.2  0.9  0.9  0.8
object 2 0 1.0 -12.0 101.0  0.4  0.1  0.3  0.5
object 2 0 1.0 -9.0 101.0  0.3  0.3  0.9  0.1
object 2 0 1.0 -6.0 101.0  0.5  0.6  0.5  0.7
object 2 0 1.0 -3.0 101.0  0.5  0.3  0.5  0.5
object 2 0 1.0  0.0 101.0  0.8  1.0  0.2  0.7
object 2 0 1.0  3.0 101.0  0.5  0.2  0.3  0.8
object 2 0 1.0  6.0 101.0  0.9  0.2  0.8  0.7
object 2 0 1.0  9.0 101.0  0.4  0.6  0.3  0.6
object 2 0 1.0 12.0 101.0  0.5  1.0  0.4  0.3
object 2 0 1.0 15.0 101.0  0.9  0.4  0.4  0.6
object 2 0 1.0 18.0 101.0  0.1  0.7  0.6  0.8
object 2 0 1.0 21.0 101.0  0.4  0.5  0.4  0.0
object 2 0 1.0 24.0 101.0  0.2  0.1  0.3  1.0
object 2 0 1.0 27.0 101.0  0.4  0.7  0.9  0.9
object 2 0 1.0 -30.0 104.0  0.2  0.9  0.4  0.8
object 2 0 1.0 -27.0 104.0  0.2  0.6  0.3  0.9
object 2 0 1.0 -24.0 104.0  0.7  0.3  0.7  0.9
object 2 0 1.0 -21.0 104.0  0.3  0.3  0.1  0.5
object 2 0 1.0 -18.0 104.0  0.1  0.9  0.3  1.0
object 2 0 1.0 -15.0 104.0  1.0  0.8  0.1  0.3
object 2 0 1.0 -12.0 104.0  0.8  0.9  0.7  0.5
object 2 0 1.0 -9.0 104.0  0.9  0.5  0.1  0.1
object 2 0 1.0 -6.0 104.0  0.8  0.8  1.0  0.3
object 2 0 1.0 -3.0 104.0  0.6  0.2  0.3  1.0
object 2 0 1.0  0.0 104.0  0.8  0.6  0.4  0.1
object 2 0 1.0  3.0 104.0  0.2  0.4  0.9  0.2
object 2 0 1.0  6.0 104.0  0.5  0.7  0.3  0.1
object 2 0 1.0  9.0 104.0  0.6  0.8  0.4  0.8
object 2 0 1.0 12.0 104.0  0.2  0.7  1.0  0.6
object 2 0 1.0 15.0 104.0  0.6  0.2  0.8  0.4
object 2 0 1.0 18.0 104.0  0.3  0.9  0.7  0.9
object 2 0 1.0 21.0 104.0  0.5  0.7  0.6  0.5
object 2 0 1.0 24.0 104.0  0.2  1.0  0.9  0.6
object 2 0 1.0 27.0 104.0  0.2  0.1  0.1  0.3
object 2 0 1.0 -30.0 107.0  0.0  0.6  0.2  0.8
object 2 0 1.0 -27.0 107.0  0.9  0.3  0.5  0.2
object 2 0 1.0 -24.0 107.0  0.5  0.2  0.2  0.9
object 2 0 1.0 -21.0 107.0  0.1  1.0  0.6  0.9
object 2 0 1.0 -18.0 107.0  0.6  0.7  0.6  0.2
object 2 0 1.0 -15.0 107.0  0.1  0.3  0.3  0.2
object 2 0 1.0 -12.0 107.0  0.9  0.8  0.2  0.4
object 2 0 1.0 -9.0 107.0  0.0  0.6  0.3  0.5
object 2 0 1.0 -6.0 107.0  0.9  0.2  0.3  0.3
object 2 0 1.0 -3.0 107.0  0.3  0.8  0.9  0.4
object 2 0 1.0  0.0 107.0  0.6  0.4  0.2  0.1
object 2 0 1.0  3.0 107.0  0.1  1.0  0.1  0.9
object 2 0 1.0  6.0 107.0  0.1  0.9  0.2  0.0
object 2 0 1.0  9.0 107.0  0.4  0.9  0.3  0.0
object 2 0 1.0 12.0 107.0  0.4  0.9  1.0  0.4
object 2 0 1.0 15.0 107.0  0.3  0.1  0.2  0.5
object 2 0 1.0 18.0 107.0  0.8  0.4  0.8  0.5
object 2 0 1.0 21.0 107.0  0.4  0.9  0.3  0.3
object 2 0 1.0 24.0 107.0  0.7  0.0  0.7  0.3
object 2 0 1.0 27.0 107.0  0.3  0.4  0.1  0.7
